1 40 2
1 61 4
1 90 6
1 6 2
1 49 5
1 41 5
1 71 3
1 28 3
1 52 3
1 81 5
1 2 2
1 79 3
1 83 3
1 82 9
1 53 2
1 93 1
1 63 1
1 88 3
1 45 6
1 11 4
1 20 2
1 38 3
1 9 6
1 3 4
1 56 6
1 55 2
1 98 4
1 39 5
1 46 5
1 26 3
1 31 3
2 52 3
2 56 1
2 27 6
2 57 3
2 64 3
2 98 4
2 23 5
2 78 5
2 99 0
2 5 4
2 86 3
2 46 4
2 84 1
2 20 3
2 54 3
2 90 6
2 6 1
2 69 1
2 70 3
2 30 5
2 95 3
2 67 5
2 17 0
2 35 5
2 85 1
2 89 2
2 50 2
3 96 4
3 97 4
3 2 8
3 45 3
3 57 3
3 44 1
3 38 2
3 4 2
3 80 7
3 54 5
3 24 2
3 100 4
3 61 5
3 25 2
3 76 6
3 99 5
3 92 3
4 52 4
4 37 5
4 97 6
4 83 6
4 64 2
4 88 2
4 6 2
4 67 0
4 70 5
4 87 6
4 76 7
4 26 4
4 80 6
4 15 4
4 98 3
4 5 4
4 53 3
4 42 5
4 61 6
4 78 3
4 28 1
4 57 3
4 24 4
4 43 1
4 12 5
4 41 3
4 84 5
4 13 3
4 94 5
4 35 6
4 33 4
4 1 3
4 82 3
4 20 5
4 29 3
5 37 4
5 60 2
5 28 1
5 19 1
5 75 1
5 1 6
5 99 4
5 22 2
5 61 6
5 2 2
5 92 7
5 41 5
5 4 4
5 36 1
5 6 4
5 45 7
5 94 3
5 51 1
5 13 8
5 69 4
5 96 3
5 78 0
5 71 4
5 8 3
5 44 4
6 94 1
6 39 4
6 43 4
6 49 3
6 50 4
6 91 4
6 20 2
6 48 3
6 56 6
6 95 3
6 27 0
6 37 5
6 19 3
6 65 7
6 89 6
6 54 4
6 36 2
6 34 2
6 64 1
6 58 4
6 85 3
6 68 2
6 21 6
6 17 4
6 25 2
6 61 9
6 26 10
6 51 6
6 71 5
6 29 2
6 23 3
6 82 6
6 35 6
6 44 5
6 96 1
6 83 5
7 31 5
7 23 2
7 32 6
7 91 3
7 12 3
7 18 2
7 84 2
7 17 3
7 75 2
7 53 5
7 57 4
7 39 4
7 40 1
7 38 2
7 5 2
7 37 5
7 74 3
7 90 6
7 65 2
7 76 3
7 19 3
7 28 4
7 82 4
7 6 4
7 22 3
7 41 3
7 51 3
7 87 1
7 86 5
7 61 6
7 24 1
7 62 10
7 21 6
7 56 0
7 100 4
8 29 1
8 40 6
8 30 3
8 96 3
8 87 3
8 19 2
8 91 1
8 64 1
8 13 3
8 5 3
8 36 3
8 46 2
8 45 3
8 59 7
8 20 3
8 26 5
8 41 4
8 14 5
8 62 4
8 47 6
8 54 5
8 48 2
8 51 2
8 24 7
8 89 4
8 94 3
8 38 3
8 76 7
8 12 3
8 7 7
8 79 4
8 71 1
8 3 5
9 4 3
9 27 1
9 76 5
9 10 3
9 62 2
9 50 3
9 29 6
9 28 2
9 36 1
9 11 3
9 71 0
9 46 6
9 15 3
9 25 6
9 42 1
9 49 2
9 18 1
9 43 3
9 59 3
9 97 3
9 66 0
9 63 4
9 12 6
9 35 6
9 8 6
9 65 4
9 39 3
9 26 3
9 68 5
9 21 4
9 32 3
10 35 0
10 2 1
10 5 1
10 91 1
10 68 2
10 99 3
10 98 4
10 22 3
10 52 5
10 42 4
10 69 5
10 46 3
10 71 4
10 16 3
10 66 2
10 93 4
10 45 2
10 47 2
10 70 4
10 55 4
10 41 2
10 30 2
10 25 4
10 74 6
10 65 4
10 21 5
10 15 1
10 53 0
11 40 0
11 39 4
11 74 5
11 18 3
11 47 3
11 13 5
11 4 4
11 63 1
11 52 3
11 84 1
11 31 1
11 21 4
11 76 5
11 66 4
11 27 4
11 83 2
11 33 5
11 20 3
11 37 1
11 57 6
11 79 0
11 53 6
11 35 4
11 70 1
11 54 4
11 24 3
11 26 3
11 34 6
11 19 10
11 87 4
11 45 0
12 1 4
12 67 2
12 6 5
12 66 6
12 77 5
12 40 4
12 60 4
12 57 3
12 4 1
12 2 1
12 97 2
12 33 0
12 91 2
12 76 1
12 51 4
12 64 2
12 39 6
12 14 1
12 5 3
12 86 3
12 95 2
12 22 5
12 63 4
12 74 1
12 96 7
13 43 5
13 58 3
13 34 3
13 33 5
13 60 3
13 79 2
13 9 3
13 16 7
13 96 5
13 44 2
13 61 4
13 39 4
13 48 2
13 36 3
13 74 5
13 83 2
13 29 1
13 10 4
13 3 4
13 37 4
13 67 3
13 68 8
13 55 2
13 28 4
13 17 3
13 89 0
13 76 7
13 45 6
13 1 4
13 15 2
13 31 5
13 35 2
13 77 6
13 18 4
13 78 3
14 27 3
14 17 0
14 76 2
14 87 1
14 74 2
14 29 4
14 1 2
14 12 4
14 6 4
14 100 0
14 5 6
14 94 3
14 10 6
14 73 0
14 68 5
14 65 4
14 93 2
14 30 4
14 9 1
14 19 1
14 81 2
14 34 7
14 39 7
14 89 3
14 23 6
14 63 7
14 90 1
14 57 1
14 70 2
14 45 0
14 7 4
14 37 4
14 51 3
14 24 6
14 98 4
14 64 4
14 22 3
15 3 3
15 53 5
15 93 3
15 27 6
15 92 5
15 21 5
15 13 6
15 98 3
15 32 8
15 34 6
15 64 3
15 2 6
15 36 4
15 10 0
15 33 4
15 83 2
15 44 3
15 58 2
15 31 0
15 19 2
15 42 7
15 77 6
15 11 0
15 96 1
15 6 2
16 8 4
16 75 0
16 26 2
16 23 1
16 61 6
16 32 1
16 37 4
16 19 2
16 38 8
16 68 4
16 4 5
16 34 6
16 81 7
16 80 6
16 40 4
16 78 0
16 69 2
16 25 4
16 53 1
16 76 6
16 17 1
16 58 5
16 92 8
16 96 0
16 12 4
16 41 5
16 48 4
16 7 5
16 62 1
16 49 4
16 5 0
16 56 3
16 65 1
16 14 2
16 88 4
17 14 3
17 55 7
17 40 0
17 57 3
17 21 5
17 36 1
17 13 6
17 26 3
17 49 7
17 44 2
17 88 1
17 5 2
17 63 5
17 15 7
17 34 4
17 33 4
17 48 4
17 10 4
17 96 4
17 32 5
17 79 6
17 82 4
17 42 7
17 67 4
17 50 5
17 46 4
17 37 5
17 94 1
17 22 8
17 24 1
17 72 2
17 65 1
18 96 5
18 2 2
18 47 2
18 95 1
18 100 4
18 52 3
18 40 4
18 6 4
18 59 5
18 77 2
18 34 1
18 43 4
18 67 2
18 13 5
18 74 1
18 69 3
18 23 1
18 73 3
18 36 1
18 94 1
18 3 7
18 31 4
18 78 6
18 72 7
18 88 2
18 28 1
18 26 1
18 48 3
18 46 1
19 38 5
19 25 2
19 89 4
19 50 7
19 55 0
19 72 2
19 91 3
19 63 3
19 53 6
19 85 6
19 45 1
19 64 3
19 67 5
19 37 4
19 42 1
19 58 4
19 26 3
19 18 2
19 22 5
19 62 4
19 69 4
19 12 6
19 13 3
19 95 3
19 15 5
19 77 5
19 4 5
19 65 2
19 2 4
19 73 4
19 1 1
20 79 5
20 74 4
20 30 1
20 57 4
20 45 4
20 52 1
20 65 3
20 71 3
20 17 1
20 8 7
20 72 2
20 54 1
20 90 3
20 28 3
20 44 4
20 60 7
20 94 4
20 25 4
20 38 3
20 85 3
20 63 1
20 33 2
20 16 6
20 68 4
20 49 2
21 39 4
21 90 3
21 8 2
21 57 0
21 25 3
21 36 3
21 35 2
21 31 4
21 79 4
21 20 0
21 50 2
21 95 5
21 12 4
21 49 5
21 63 3
21 77 3
21 30 4
21 15 3
21 42 2
21 47 4
21 26 6
21 33 6
21 62 3
21 56 5
21 98 1
21 7 5
21 44 2
21 53 5
21 41 6
21 88 1
21 10 1
21 92 3
21 87 2
21 61 1
21 45 5
21 24 6
21 55 5
21 40 7
21 59 4
21 66 3
22 88 3
22 10 1
22 48 5
22 49 1
22 59 0
22 51 4
22 65 0
22 34 0
22 74 3
22 71 2
22 46 3
22 80 3
22 25 6
22 98 1
22 32 2
22 35 3
22 58 4
22 92 2
22 87 4
22 96 7
22 75 3
22 42 4
22 64 0
22 23 3
22 56 7
23 97 6
23 76 4
23 24 3
23 20 4
23 89 4
23 15 5
23 85 3
23 100 3
23 94 5
23 79 3
23 90 3
23 55 5
23 36 1
23 91 4
23 66 2
23 56 4
23 10 5
23 7 5
23 65 3
23 9 2
23 48 0
23 14 2
23 2 6
23 46 2
23 88 0
23 34 1
23 45 3
23 37 3
23 42 4
23 51 3
23 61 5
23 33 3
23 39 0
23 18 3
23 4 5
23 30 2
23 19 4
24 61 3
24 39 4
24 54 2
24 13 4
24 20 1
24 41 2
24 14 1
24 28 8
24 11 2
24 72 4
24 40 5
24 88 4
24 62 4
24 7 2
24 77 5
24 71 4
24 18 3
24 44 4
24 79 2
24 23 4
24 53 2
24 15 2
24 94 4
24 74 5
24 46 0
24 26 1
24 25 2
24 42 4
24 89 7
24 55 2
24 30 4
25 27 3
25 73 3
25 11 0
25 77 6
25 61 6
25 10 3
25 2 5
25 13 4
25 97 5
25 16 4
25 65 8
25 15 5
25 18 5
25 88 5
25 95 3
25 55 3
25 90 7
25 30 6
25 58 7
25 80 3
25 38 4
25 63 0
25 26 1
25 3 0
25 14 2
25 68 5
25 51 6
25 72 4
25 9 5
25 89 5
25 50 5
25 100 4
25 52 4
25 67 5
26 84 2
26 23 3
26 86 1
26 27 2
26 51 3
26 93 4
26 66 5
26 75 4
26 50 5
26 73 5
26 63 3
26 7 2
26 85 5
26 65 8
26 90 4
26 99 5
26 6 4
26 49 1
26 18 2
26 56 5
26 21 1
26 29 4
26 15 2
26 36 2
26 42 5
26 12 3
26 69 3
26 2 3
26 25 4
26 20 1
26 95 1
26 100 2
26 61 2
27 35 2
27 40 2
27 60 2
27 62 5
27 91 4
27 7 4
27 90 3
27 18 2
27 99 2
27 38 3
27 59 1
27 71 4
27 36 1
27 45 3
27 3 7
27 86 3
27 97 3
27 87 7
27 43 1
27 74 7
27 55 3
27 31 3
27 72 6
27 65 4
27 61 7
27 84 3
27 88 2
27 75 4
27 17 1
28 63 4
28 23 2
28 7 1
28 39 4
28 65 3
28 90 0
28 98 3
28 15 2
28 38 3
28 42 4
28 70 3
28 52 7
28 18 5
28 47 3
28 61 5
28 78 5
28 91 2
28 36 6
28 33 5
28 53 1
28 97 3
28 13 4
28 54 4
28 22 3
28 34 0
28 77 7
28 76 4
28 55 3
28 12 3
28 16 1
29 81 4
29 95 2
29 87 4
29 40 1
29 18 1
29 10 3
29 6 5
29 42 3
29 75 6
29 66 6
29 25 5
29 92 5
29 26 2
29 50 3
29 91 2
29 5 3
29 14 5
29 16 3
29 61 0
29 28 3
29 64 5
29 43 4
29 31 5
29 15 5
29 45 4
29 76 3
29 90 4
29 88 6
29 30 4
29 71 6
30 4 4
30 78 3
30 34 7
30 56 6
30 53 5
30 54 4
30 50 2
30 20 3
30 38 5
30 40 6
30 95 2
30 64 4
30 37 2
30 36 7
30 24 5
30 74 3
30 91 6
30 75 6
30 70 2
30 23 6
30 8 6
30 87 4
30 39 0
30 46 2
30 32 3
30 11 3
30 25 2
30 89 3
30 92 4
30 51 5
30 99 5
30 52 3
30 3 3
30 21 1
30 57 2
30 9 1
30 19 5
31 86 5
31 36 2
31 10 6
31 72 6
31 38 7
31 66 3
31 14 3
31 41 2
31 13 3
31 63 2
31 75 1
31 4 4
31 2 4
31 94 4
31 18 5
31 30 5
31 35 4
31 15 3
31 55 3
31 93 0
31 97 0
31 32 5
31 61 6
31 48 8
31 11 3
31 8 4
32 76 4
32 7 1
32 52 1
32 20 4
32 92 6
32 83 7
32 46 3
32 89 7
32 99 5
32 43 3
32 80 4
32 51 5
32 12 7
32 27 3
32 11 4
32 82 2
32 66 2
32 87 1
32 54 0
32 23 4
32 91 4
32 97 6
32 67 6
32 71 5
32 64 5
32 62 1
32 72 3
32 36 4
32 6 3
32 69 4
32 37 1
32 15 2
32 78 4
32 100 1
32 63 4
32 93 4
32 58 3
32 14 5
33 41 2
33 4 3
33 79 5
33 87 4
33 99 1
33 69 6
33 68 0
33 32 3
33 5 8
33 91 8
33 54 3
33 53 6
33 14 3
33 13 5
33 15 2
33 28 5
33 1 5
33 48 0
33 38 8
33 34 4
33 57 3
33 78 4
33 58 4
33 8 4
33 18 5
33 76 4
33 47 2
34 6 8
34 7 1
34 42 3
34 37 4
34 71 3
34 20 3
34 5 3
34 68 1
34 76 2
34 89 5
34 3 4
34 21 2
34 12 5
34 55 6
34 41 2
34 65 2
34 36 3
34 44 3
34 17 1
34 8 2
34 28 3
34 90 1
34 39 3
34 81 2
34 57 1
34 38 0
35 94 2
35 82 4
35 78 2
35 52 3
35 75 1
35 81 6
35 51 12
35 28 7
35 64 4
35 85 6
35 99 2
35 38 6
35 25 3
35 47 4
35 97 3
35 72 1
35 76 2
35 40 6
35 1 6
35 2 3
35 96 1
35 69 3
35 53 3
35 33 4
35 58 4
35 95 2
35 18 2
35 84 0
35 89 7
35 54 7
35 17 7
35 83 3
36 79 4
36 88 3
36 71 5
36 68 5
36 100 3
36 53 4
36 65 9
36 21 2
36 10 4
36 55 4
36 40 3
36 13 5
36 32 4
36 52 6
36 29 6
36 54 2
36 62 4
36 30 2
36 27 5
36 89 4
36 78 6
36 46 5
36 11 0
36 19 3
36 93 4
36 49 4
36 64 3
36 85 3
37 12 3
37 77 2
37 96 5
37 15 5
37 27 4
37 73 5
37 1 1
37 54 4
37 11 2
37 7 4
37 26 1
37 18 6
37 91 2
37 52 1
37 75 4
37 13 4
37 80 6
37 82 4
37 63 2
37 97 3
37 72 3
37 87 3
37 40 3
37 74 3
37 30 0
37 76 3
37 28 3
37 47 1
37 61 5
37 22 3
37 36 5
37 60 3
37 58 6
37 50 6
38 55 8
38 10 4
38 84 5
38 27 6
38 26 2
38 68 5
38 43 3
38 52 1
38 40 4
38 32 5
38 17 1
38 77 3
38 28 6
38 56 1
38 86 7
38 13 3
38 99 6
38 51 3
38 78 1
38 94 5
38 22 2
38 29 5
38 46 4
38 98 3
38 5 7
38 59 1
38 33 4
38 62 2
38 49 1
38 83 6
38 89 3
38 54 2
38 45 4
38 11 4
38 95 1
38 3 8
38 2 1
38 88 5
38 1 5
39 22 5
39 17 8
39 90 0
39 51 6
39 31 1
39 99 0
39 57 1
39 11 5
39 83 5
39 63 3
39 21 2
39 72 3
39 81 4
39 42 2
39 77 7
39 43 3
39 71 6
39 82 0
39 10 1
39 48 3
39 76 6
39 55 6
39 4 5
39 66 5
39 24 7
39 16 4
39 86 0
39 15 6
39 53 4
39 14 4
39 6 5
39 89 2
39 54 6
39 27 7
39 20 4
39 93 1
39 25 1
40 6 5
40 53 5
40 8 5
40 60 7
40 4 5
40 99 5
40 7 4
40 64 3
40 41 0
40 2 4
40 81 2
40 90 5
40 29 4
40 83 6
40 21 5
40 15 3
40 71 3
40 44 3
40 32 3
40 55 2
40 50 3
40 92 4
40 54 2
40 61 4
40 63 4
40 86 5
40 24 4
40 79 7
40 73 6
40 17 3
40 84 4
40 25 3
40 91 2
41 7 3
41 13 3
41 93 4
41 26 4
41 17 5
41 94 3
41 99 4
41 65 1
41 38 7
41 37 3
41 98 4
41 18 6
41 84 4
41 50 4
41 80 9
41 66 6
41 100 4
41 59 2
41 43 2
41 92 8
41 14 4
41 10 2
41 44 7
41 34 4
42 53 4
42 86 5
42 51 1
42 28 3
42 1 5
42 44 7
42 27 3
42 75 2
42 52 7
42 29 6
42 22 3
42 38 4
42 14 4
42 82 5
42 26 4
42 84 5
42 41 7
42 87 2
42 20 3
42 47 5
42 49 6
42 95 3
42 39 2
42 17 6
42 77 2
42 33 3
42 50 6
42 63 4
42 97 2
42 12 3
42 55 7
42 30 4
42 81 4
42 16 4
43 78 8
43 72 0
43 74 7
43 8 0
43 59 3
43 56 4
43 46 6
43 13 1
43 18 3
43 92 3
43 95 2
43 1 5
43 40 1
43 34 2
43 44 6
43 17 4
43 77 4
43 22 0
43 53 3
43 15 2
43 89 6
43 80 1
43 85 2
43 79 4
43 7 2
43 12 1
44 83 1
44 64 1
44 67 1
44 77 6
44 72 1
44 19 5
44 58 6
44 24 5
44 41 5
44 10 4
44 18 3
44 6 4
44 70 3
44 56 7
44 38 5
44 29 5
44 87 5
44 80 1
44 3 4
44 66 4
44 53 5
44 1 4
45 47 6
45 21 3
45 99 5
45 67 6
45 35 3
45 91 4
45 17 7
45 9 2
45 7 5
45 56 1
45 94 3
45 31 2
45 24 5
45 70 4
45 73 8
45 11 6
45 71 5
45 86 1
45 22 6
45 54 3
45 23 3
45 36 1
45 95 4
45 76 0
45 50 3
45 72 4
45 84 5
45 85 0
45 90 5
45 93 1
45 55 3
45 46 3
45 60 6
45 41 1
45 68 7
46 31 3
46 89 1
46 12 1
46 67 3
46 32 7
46 91 2
46 25 5
46 48 2
46 18 4
46 63 1
46 92 2
46 55 3
46 44 3
46 94 5
46 71 2
46 57 5
46 62 2
46 61 0
46 24 4
46 81 3
46 36 1
46 75 1
46 96 1
46 56 8
46 76 5
46 49 8
46 30 6
47 79 4
47 5 4
47 83 7
47 92 3
47 70 4
47 84 4
47 85 3
47 34 6
47 68 3
47 32 5
47 91 7
47 42 5
47 57 5
47 38 5
47 66 5
47 6 3
47 26 4
47 50 3
47 3 5
47 59 6
47 55 4
47 37 3
47 86 6
47 78 6
47 76 5
47 48 5
47 62 5
47 8 1
47 22 4
48 57 4
48 34 3
48 65 7
48 94 2
48 12 7
48 81 3
48 73 4
48 28 4
48 33 2
48 55 1
48 18 4
48 4 1
48 36 6
48 99 2
48 68 2
48 74 3
48 22 6
48 23 4
48 30 2
48 20 4
48 71 6
48 9 4
48 43 3
48 35 1
48 26 0
48 96 2
48 39 3
48 80 4
48 24 6
48 21 4
49 59 3
49 45 0
49 54 4
49 71 4
49 36 5
49 55 3
49 37 1
49 84 5
49 7 0
49 67 4
49 62 2
49 95 5
49 98 6
49 27 4
49 26 3
49 9 5
49 72 3
49 19 4
49 32 5
49 64 4
49 6 1
49 53 7
49 34 4
49 15 4
49 30 2
49 63 2
49 93 1
49 87 3
50 95 2
50 98 6
50 96 2
50 90 3
50 46 1
50 32 6
50 14 1
50 72 1
50 58 4
50 5 3
50 54 4
50 52 1
50 79 8
50 86 5
50 1 1
50 80 2
50 7 3
50 97 3
50 49 2
50 53 5
50 8 0
50 69 3
50 10 2
50 62 1
50 57 5
50 12 5
50 59 4
50 33 3
50 30 7
50 20 9
50 94 4
50 67 1
50 19 3
50 36 5
51 36 3
51 37 4
51 53 3
51 49 3
51 15 3
51 91 4
51 62 4
51 74 5
51 76 2
51 95 6
51 65 4
51 31 1
51 89 3
51 78 4
51 60 3
51 55 6
51 42 0
51 79 5
51 21 4
51 7 4
51 68 2
51 88 4
51 19 3
51 96 5
51 41 4
51 10 1
51 54 0
51 57 7
51 46 0
51 85 2
52 77 4
52 67 1
52 14 3
52 75 7
52 97 2
52 61 4
52 45 1
52 21 3
52 57 3
52 36 3
52 6 4
52 39 2
52 87 6
52 5 4
52 20 1
52 41 3
52 83 1
52 71 3
52 69 3
52 24 4
52 31 4
52 35 3
52 23 5
52 17 5
52 68 4
52 72 4
52 78 3
52 50 3
52 42 0
52 49 5
52 100 4
52 85 1
52 40 2
53 65 6
53 52 5
53 75 2
53 40 6
53 17 3
53 76 1
53 100 3
53 70 5
53 19 5
53 93 2
53 42 1
53 63 3
53 95 3
53 61 4
53 64 9
53 49 3
53 3 5
53 6 3
53 71 3
53 79 2
53 26 1
53 54 5
53 46 5
54 39 7
54 24 5
54 37 3
54 25 7
54 11 6
54 7 4
54 59 4
54 36 5
54 78 4
54 43 2
54 73 4
54 77 1
54 96 5
54 93 5
54 79 5
54 63 7
54 6 0
54 12 3
54 84 4
54 53 5
54 44 1
54 98 4
54 91 5
54 46 5
54 74 3
54 4 3
54 40 5
54 62 0
54 9 5
54 3 2
54 14 6
54 20 3
55 5 4
55 91 2
55 92 3
55 49 5
55 89 4
55 78 5
55 83 5
55 4 4
55 26 3
55 42 5
55 1 1
55 87 3
55 35 0
55 70 2
55 71 3
55 61 1
55 25 4
55 51 5
55 50 4
55 24 0
55 29 6
55 18 2
55 41 1
55 67 2
55 43 3
56 90 3
56 45 4
56 58 3
56 47 5
56 52 5
56 69 6
56 6 3
56 75 5
56 71 2
56 4 3
56 23 3
56 53 5
56 9 5
56 80 3
56 36 5
56 63 3
56 12 6
56 3 3
56 42 5
56 94 1
56 73 3
56 68 6
56 34 2
56 41 5
56 49 3
56 18 0
56 11 4
56 96 4
56 77 6
56 88 3
56 5 2
57 41 4
57 72 0
57 71 1
57 52 4
57 21 3
57 26 5
57 49 8
57 30 4
57 99 2
57 37 5
57 83 5
57 35 3
57 48 4
57 92 5
57 64 5
57 66 2
57 56 7
57 38 4
57 98 3
57 82 3
57 80 3
57 73 3
57 59 6
57 31 4
57 62 0
57 28 7
57 14 4
57 8 4
57 53 3
57 47 1
57 79 2
57 18 6
57 86 1
57 55 2
57 70 4
57 7 1
57 68 6
57 77 5
58 24 5
58 66 1
58 63 4
58 84 5
58 60 4
58 1 5
58 47 2
58 89 2
58 12 5
58 51 6
58 70 4
58 10 4
58 54 1
58 77 4
58 99 6
58 19 6
58 36 6
58 43 5
58 21 2
58 90 5
58 46 2
58 86 4
58 25 1
58 62 1
58 34 6
58 40 5
58 4 8
58 74 2
58 27 3
58 15 2
58 61 1
58 93 2
58 75 2
58 44 3
58 64 6
59 77 7
59 43 3
59 2 4
59 39 4
59 85 2
59 48 3
59 42 2
59 23 6
59 46 5
59 37 1
59 32 4
59 58 1
59 38 4
59 13 1
59 69 4
59 22 4
59 84 4
59 71 4
59 92 1
59 53 5
59 83 1
59 90 4
59 28 2
60 19 7
60 99 2
60 92 3
60 66 2
60 5 3
60 81 7
60 40 1
60 3 5
60 28 6
60 51 3
60 89 6
60 64 5
60 44 3
60 1 2
60 56 1
60 62 5
60 30 5
60 31 3
60 46 5
60 49 1
60 23 1
60 32 3
60 59 3
60 48 6
60 2 2
60 63 6
60 70 2
60 97 2
60 47 2
60 29 1
60 6 1
60 39 1
60 57 0
60 53 6
60 26 4
61 27 6
61 54 6
61 31 5
61 57 5
61 69 2
61 47 1
61 85 4
61 44 4
61 22 1
61 11 3
61 34 3
61 92 5
61 53 2
61 94 5
61 3 4
61 6 0
61 65 3
61 4 2
61 39 1
61 17 4
61 10 2
61 97 4
61 99 4
61 83 2
61 24 7
61 88 5
61 63 6
62 77 2
62 53 2
62 64 5
62 18 2
62 37 4
62 58 2
62 72 3
62 3 5
62 92 4
62 65 3
62 97 2
62 71 3
62 93 3
62 6 3
62 16 3
62 20 3
62 68 5
62 98 1
62 11 3
62 29 3
62 13 4
62 43 6
62 47 4
62 35 3
62 17 4
62 90 5
62 63 4
62 9 4
63 19 3
63 14 6
63 5 7
63 48 3
63 33 3
63 15 10
63 50 1
63 21 9
63 8 0
63 35 4
63 95 4
63 77 4
63 99 4
63 27 3
63 26 3
63 57 2
63 68 6
63 83 8
63 46 1
63 40 1
63 92 3
63 81 6
63 13 5
63 20 4
63 64 7
63 10 3
64 42 3
64 25 6
64 13 7
64 22 4
64 88 5
64 93 1
64 32 6
64 53 2
64 79 3
64 66 6
64 9 2
64 50 3
64 75 6
64 58 6
64 81 6
64 96 5
64 48 2
64 97 4
64 46 1
64 1 3
64 30 4
64 43 6
64 15 3
64 68 6
64 6 5
64 26 4
64 76 6
64 92 3
64 80 7
64 27 3
64 90 1
64 98 3
64 62 3
65 37 1
65 45 4
65 96 5
65 50 4
65 83 5
65 68 1
65 17 3
65 99 1
65 74 5
65 14 2
65 76 2
65 39 9
65 24 3
65 40 6
65 55 2
65 92 5
65 44 6
65 23 4
65 46 5
65 56 2
65 42 2
65 78 5
65 6 3
65 51 4
65 58 3
65 94 1
65 18 3
65 7 2
65 73 1
65 35 0
65 57 6
65 15 5
65 32 5
66 45 3
66 11 7
66 70 8
66 22 6
66 21 6
66 55 1
66 26 6
66 54 1
66 95 7
66 27 3
66 61 4
66 82 3
66 31 3
66 39 4
66 58 4
66 36 4
66 68 3
66 72 6
66 69 3
66 48 5
66 28 5
66 43 1
66 85 3
66 97 3
66 98 1
66 49 3
66 32 6
66 4 3
66 60 6
66 73 7
66 18 4
66 53 3
66 44 4
66 23 3
66 99 1
67 56 2
67 91 4
67 11 3
67 79 6
67 55 1
67 27 3
67 90 4
67 58 0
67 50 4
67 93 2
67 92 3
67 88 3
67 53 6
67 43 6
67 65 4
67 68 3
67 83 4
67 62 1
67 89 1
67 32 6
67 73 1
67 4 4
67 24 1
67 98 3
67 51 7
67 10 5
67 45 3
67 33 5
67 18 9
67 66 1
67 1 5
67 16 1
67 74 3
68 43 2
68 4 3
68 7 3
68 58 3
68 46 7
68 20 6
68 92 6
68 41 2
68 81 6
68 24 3
68 19 4
68 50 3
68 67 2
68 85 3
68 1 4
68 39 5
68 60 5
68 80 3
68 98 2
68 71 2
68 35 6
68 6 2
68 57 8
68 2 4
68 90 0
69 62 6
69 12 5
69 98 3
69 45 4
69 47 2
69 32 2
69 91 2
69 56 3
69 50 3
69 70 5
69 60 5
69 83 2
69 40 2
69 59 5
69 37 6
69 82 1
69 76 4
69 30 5
69 48 5
69 28 5
69 54 1
69 84 1
69 53 3
69 24 3
69 11 2
69 33 0
70 89 3
70 43 5
70 83 5
70 2 3
70 21 2
70 50 6
70 46 4
70 98 3
70 96 6
70 60 2
70 16 5
70 8 2
70 3 3
70 4 1
70 53 3
70 40 7
70 30 6
70 39 4
70 84 6
70 73 4
70 9 4
70 27 5
70 52 2
70 78 3
70 59 4
70 71 3
70 44 0
70 23 2
70 77 5
70 49 2
71 40 1
71 55 3
71 86 4
71 58 7
71 78 3
71 50 3
71 69 8
71 82 1
71 76 3
71 83 4
71 92 5
71 7 4
71 12 6
71 96 4
71 9 4
71 29 6
71 85 2
71 33 2
71 14 4
71 26 3
71 27 2
71 54 0
71 24 1
71 4 3
71 49 5
71 42 2
71 80 5
71 11 1
71 38 4
71 8 1
71 30 5
71 95 2
71 84 3
71 39 1
71 93 6
71 32 3
72 5 0
72 16 5
72 47 5
72 85 5
72 59 5
72 84 2
72 12 3
72 64 8
72 61 7
72 8 6
72 42 2
72 36 3
72 46 3
72 40 5
72 94 8
72 35 1
72 83 1
72 7 2
72 97 3
72 81 1
72 66 4
72 89 5
72 55 5
72 4 4
72 60 8
72 71 2
72 39 6
72 38 6
72 26 5
73 67 4
73 24 1
73 60 4
73 8 4
73 40 2
73 79 2
73 80 5
73 75 4
73 65 5
73 46 6
73 51 4
73 87 7
73 23 8
73 76 6
73 28 3
73 16 7
73 15 3
73 89 5
73 88 2
73 99 6
73 77 1
73 41 3
73 86 9
73 12 2
73 55 4
73 97 3
73 47 0
73 53 3
73 81 5
73 31 10
73 63 4
73 30 3
73 82 4
73 17 3
73 42 3
74 15 3
74 37 3
74 50 6
74 48 8
74 26 5
74 81 5
74 99 4
74 7 4
74 66 3
74 49 6
74 11 4
74 10 5
74 8 5
74 88 4
74 42 3
74 53 6
74 67 0
74 61 3
74 86 6
74 89 0
74 30 11
74 36 4
74 90 2
74 3 3
74 80 4
74 78 1
74 44 4
75 28 4
75 32 4
75 31 1
75 53 1
75 36 6
75 12 5
75 86 3
75 85 5
75 23 3
75 57 1
75 69 3
75 91 0
75 40 5
75 81 5
75 22 3
75 67 1
75 35 4
75 84 1
75 66 2
75 90 4
75 30 3
75 48 3
75 26 2
75 87 2
75 46 5
75 37 6
75 5 5
75 89 3
75 99 4
75 88 4
75 41 2
76 20 4
76 90 5
76 88 5
76 27 4
76 14 3
76 47 3
76 96 4
76 34 1
76 45 2
76 19 3
76 17 0
76 64 4
76 80 3
76 54 2
76 9 4
76 53 8
76 84 4
76 10 1
76 86 2
76 35 2
76 51 2
76 70 3
76 81 6
76 58 4
76 67 3
76 7 4
76 6 2
76 25 1
76 100 6
76 1 6
76 59 6
76 78 4
76 24 3
76 60 4
77 13 3
77 84 5
77 33 0
77 44 4
77 85 4
77 25 5
77 79 4
77 53 7
77 92 5
77 21 3
77 2 6
77 74 4
77 81 0
77 24 1
77 87 5
77 16 6
77 75 1
77 91 3
77 69 5
77 20 2
77 72 4
77 73 8
77 96 2
77 97 3
77 37 0
77 63 4
77 22 0
77 11 1
77 42 2
77 30 5
77 41 0
77 31 1
77 90 1
77 18 2
77 51 4
77 6 5
77 36 4
77 3 6
78 12 3
78 6 1
78 96 4
78 72 4
78 35 2
78 61 8
78 18 6
78 42 1
78 73 8
78 89 4
78 77 4
78 37 4
78 3 4
78 82 4
78 97 8
78 54 3
78 55 3
78 60 5
78 94 6
78 79 0
78 67 6
78 29 2
78 36 2
78 86 4
78 28 3
78 99 4
78 50 7
78 52 4
78 19 4
78 45 1
78 69 3
78 95 2
78 53 2
79 6 4
79 17 2
79 25 1
79 100 1
79 57 1
79 83 1
79 38 5
79 14 6
79 18 5
79 9 1
79 42 0
79 93 5
79 59 5
79 62 7
79 78 1
79 13 3
79 54 5
79 71 4
79 53 1
79 45 4
79 12 3
79 10 5
79 86 4
79 72 3
79 80 4
79 44 5
79 66 3
79 95 6
79 1 2
79 56 7
79 28 5
79 5 4
79 73 3
79 22 8
79 40 5
79 47 0
79 19 3
79 31 5
79 76 3
80 20 4
80 94 1
80 42 1
80 25 4
80 10 4
80 24 4
80 3 1
80 6 1
80 58 3
80 75 7
80 72 6
80 87 0
80 9 2
80 32 1
80 71 3
80 100 6
80 46 5
80 5 1
80 28 5
80 57 1
80 69 4
80 33 5
80 23 3
80 27 2
80 14 5
80 54 4
80 41 7
80 63 2
80 36 7
80 55 3
80 17 1
80 62 5
81 62 4
81 59 6
81 96 3
81 52 8
81 72 4
81 54 5
81 89 7
81 67 6
81 31 3
81 41 2
81 80 3
81 93 1
81 36 5
81 71 0
81 99 4
81 45 3
81 94 1
81 95 4
81 55 6
81 70 0
81 37 3
81 61 1
81 6 3
81 90 3
81 49 5
81 50 4
81 46 5
81 34 5
81 87 1
81 2 1
81 58 6
81 100 4
81 21 6
81 26 6
81 18 3
81 17 3
81 5 1
81 40 8
81 97 4
81 10 4
81 47 5
82 7 7
82 74 5
82 29 5
82 65 9
82 73 3
82 97 6
82 4 4
82 94 5
82 16 2
82 30 4
82 9 3
82 46 5
82 66 3
82 95 4
82 54 1
82 19 9
82 28 4
82 63 1
82 38 7
82 85 2
82 50 1
82 33 1
82 79 5
82 6 4
82 96 3
82 5 3
82 39 3
82 45 3
82 20 2
83 88 1
83 95 3
83 60 5
83 96 3
83 65 5
83 28 2
83 59 1
83 82 3
83 19 3
83 78 6
83 40 5
83 87 5
83 66 6
83 33 4
83 62 8
83 84 1
83 51 3
83 72 3
83 63 2
83 61 3
83 79 5
83 42 6
83 91 3
83 92 3
83 77 1
83 26 1
83 90 3
83 76 8
83 80 2
83 30 4
83 50 2
83 55 1
83 56 2
83 2 4
83 99 0
84 12 3
84 53 4
84 38 2
84 43 6
84 56 2
84 78 2
84 88 2
84 98 2
84 25 4
84 31 4
84 7 5
84 15 3
84 24 4
84 47 2
84 4 5
84 49 0
84 50 5
84 97 1
84 36 4
84 34 5
84 28 9
84 96 3
84 71 2
85 3 2
85 70 5
85 9 3
85 43 4
85 80 4
85 64 4
85 93 4
85 8 4
85 65 1
85 61 3
85 96 6
85 98 3
85 46 2
85 51 7
85 87 4
85 14 1
85 34 3
85 48 2
85 63 3
85 73 3
85 71 0
85 53 2
85 57 5
85 23 5
85 22 2
85 21 4
85 32 3
85 41 1
85 91 0
85 35 2
86 28 6
86 56 1
86 100 2
86 3 1
86 44 4
86 30 3
86 25 6
86 95 4
86 27 7
86 62 1
86 98 1
86 33 5
86 48 4
86 50 6
86 15 6
86 64 1
86 34 5
86 4 4
86 46 1
86 54 6
86 49 6
86 68 3
86 11 5
86 71 2
86 6 1
86 57 4
86 53 6
86 97 6
87 12 2
87 72 2
87 59 6
87 70 3
87 68 3
87 42 3
87 6 6
87 75 4
87 52 1
87 85 2
87 1 8
87 19 4
87 97 0
87 44 2
87 23 4
87 39 6
87 95 8
87 78 6
87 22 4
87 71 4
87 13 3
87 49 5
87 14 2
87 31 3
87 86 2
87 64 1
87 66 4
87 67 7
87 77 3
88 41 5
88 13 2
88 34 3
88 32 1
88 72 5
88 18 3
88 12 3
88 59 2
88 82 4
88 99 2
88 73 3
88 64 6
88 74 3
88 76 6
88 69 1
88 38 4
88 62 1
88 36 4
88 66 2
88 96 8
88 37 1
88 45 7
88 52 3
88 57 7
88 35 2
88 48 4
88 40 1
88 60 3
88 15 1
88 1 6
89 39 5
89 51 4
89 44 4
89 12 6
89 50 5
89 96 1
89 88 5
89 86 2
89 32 8
89 91 7
89 42 3
89 4 3
89 36 5
89 13 2
89 73 4
89 24 3
89 76 4
89 2 2
89 6 8
89 40 3
89 29 0
89 27 3
89 49 5
89 75 2
89 9 4
89 37 1
89 16 6
89 64 4
89 66 5
89 62 4
89 1 6
89 7 5
90 36 4
90 72 2
90 35 3
90 98 4
90 69 8
90 1 3
90 56 2
90 67 3
90 68 5
90 60 4
90 95 3
90 80 1
90 18 2
90 97 5
90 92 2
90 20 1
90 30 3
90 74 3
90 57 5
90 78 3
90 4 5
90 23 7
90 89 1
90 58 0
90 45 3
90 8 6
90 86 3
90 87 4
90 52 6
90 79 3
90 47 1
90 21 7
90 62 0
90 33 5
90 29 2
90 2 5
90 70 3
90 13 2
90 94 2
90 31 4
91 59 2
91 13 3
91 45 1
91 19 4
91 11 8
91 47 4
91 26 7
91 89 3
91 62 1
91 6 4
91 72 5
91 69 7
91 53 5
91 29 6
91 34 5
91 28 6
91 20 2
91 93 3
91 23 7
91 4 3
91 88 8
91 63 3
91 60 2
91 10 7
91 24 5
91 99 4
91 74 0
91 14 6
91 56 7
91 32 7
91 3 3
91 36 3
91 52 4
91 49 4
91 55 5
92 83 3
92 35 1
92 88 2
92 75 2
92 24 5
92 82 1
92 48 5
92 11 4
92 33 1
92 3 4
92 65 4
92 96 1
92 80 3
92 77 2
92 84 2
92 23 1
92 52 0
92 86 3
92 74 6
92 6 3
92 44 3
92 90 3
92 19 3
92 100 2
92 72 3
92 54 2
92 46 4
92 4 5
92 64 1
92 41 7
92 55 3
92 99 3
92 67 6
92 39 2
92 27 7
92 97 5
92 98 8
92 85 3
92 25 4
92 58 5
92 51 5
92 32 4
93 41 4
93 100 3
93 39 4
93 49 3
93 50 1
93 3 4
93 30 2
93 7 3
93 9 5
93 74 0
93 45 5
93 31 1
93 94 3
93 48 2
93 72 5
93 82 3
93 13 0
93 16 1
93 56 3
93 46 2
93 38 2
93 35 3
93 32 1
93 51 7
93 83 4
93 87 4
93 57 4
93 8 0
93 54 4
94 73 2
94 89 6
94 24 4
94 54 3
94 6 7
94 76 2
94 45 8
94 97 1
94 43 5
94 1 6
94 41 5
94 68 0
94 35 1
94 50 4
94 56 1
94 81 3
94 99 2
94 40 2
94 48 4
94 30 6
94 88 5
94 64 1
94 59 4
94 98 6
94 87 3
94 28 4
94 72 0
94 11 7
94 71 3
94 33 8
94 34 2
94 80 2
94 82 3
94 31 5
94 7 2
94 12 0
95 53 2
95 99 4
95 21 6
95 69 3
95 96 6
95 70 3
95 76 3
95 12 1
95 30 2
95 55 4
95 90 6
95 19 4
95 40 5
95 14 6
95 56 4
95 49 3
95 22 1
95 50 2
95 20 3
95 94 3
95 82 5
95 78 5
95 25 2
95 65 5
95 71 4
95 26 3
95 39 7
95 79 4
95 48 3
95 15 6
95 16 1
95 33 6
95 72 5
95 24 0
95 18 4
95 75 1
95 27 4
95 44 7
95 37 2
95 89 5
95 41 3
96 59 5
96 57 4
96 93 3
96 28 1
96 97 4
96 5 3
96 81 4
96 50 4
96 44 7
96 21 6
96 38 5
96 19 6
96 68 2
96 7 8
96 61 5
96 14 6
96 42 2
96 69 2
96 92 5
96 95 3
96 66 3
96 8 5
96 41 4
96 49 2
96 12 5
96 34 3
96 43 1
96 62 6
96 20 2
96 73 6
96 27 2
96 15 2
96 22 5
96 82 4
96 86 5
96 84 4
96 55 3
97 28 3
97 34 4
97 41 5
97 80 1
97 52 2
97 49 4
97 48 4
97 38 1
97 81 1
97 25 1
97 63 2
97 12 1
97 7 3
97 56 3
97 64 3
97 35 3
97 88 4
97 39 1
97 93 3
97 33 1
97 31 5
97 47 4
97 86 7
97 22 3
97 1 4
97 61 2
97 76 6
97 90 3
97 91 0
97 32 3
97 43 6
97 6 4
97 55 3
97 30 4
97 59 6
97 78 5
98 2 3
98 61 1
98 34 5
98 45 3
98 81 6
98 74 6
98 71 6
98 4 6
98 88 6
98 63 0
98 60 4
98 24 5
98 100 6
98 51 3
98 39 3
98 76 6
98 29 2
98 58 7
98 94 3
98 91 3
98 66 3
98 50 2
98 44 3
98 99 2
98 80 0
98 16 1
98 57 3
98 47 3
98 79 7
98 10 8
98 54 3
98 49 6
98 53 4
98 31 0
99 80 4
99 70 1
99 48 8
99 14 3
99 71 5
99 77 4
99 62 2
99 10 2
99 28 6
99 69 6
99 29 2
99 1 3
99 98 2
99 54 2
99 51 5
99 32 4
99 56 4
99 15 1
99 78 6
99 87 5
99 92 5
99 45 4
99 20 4
99 49 5
99 93 3
99 82 5
99 38 6
99 63 6
99 42 1
99 95 1
99 86 7
99 17 3
99 3 2
99 40 4
99 34 4
99 67 0
99 5 5
99 12 6
99 85 2
99 81 1
100 98 6
100 34 3
100 54 3
100 29 2
100 22 4
100 64 7
100 47 5
100 4 3
100 15 2
100 62 1
100 93 3
100 6 0
100 74 4
100 60 6
100 14 5
100 38 3
100 97 2
100 89 5
100 50 4
100 48 6
100 99 5
100 49 3
100 23 0
100 96 3
100 24 1
100 59 5
100 67 5
100 84 6
100 82 2
100 33 6
100 25 6
100 73 1
100 7 6
100 51 4
